# wltelfit transtelfit wldata fluxdata
1.183346069335937500e+03 9.993115543345252316e-01 1.183346069335937500e+03 9.864212274551391602e-01
1.183351562500000000e+03 9.991098893785698154e-01 1.183351562500000000e+03 9.907228946685791016e-01
1.183357055664062500e+03 9.987607012907117054e-01 1.183357055664062500e+03 9.865834116935729980e-01
1.183362670898437500e+03 9.981567947696307064e-01 1.183362670898437500e+03 9.962732195854187012e-01
1.183368164062500000e+03 9.970261464558003439e-01 1.183368164062500000e+03 9.856075048446655273e-01
1.183373779296875000e+03 9.948693930357033199e-01 1.183373779296875000e+03 9.573812484741210938e-01
1.183379272460937500e+03 9.914581897498673246e-01 1.183379272460937500e+03 9.353709220886230469e-01
1.183384765625000000e+03 9.882560149730438281e-01 1.183384765625000000e+03 9.305250644683837891e-01
1.183390380859375000e+03 9.880920619103810143e-01 1.183390380859375000e+03 9.471478462219238281e-01
1.183395874023437500e+03 9.910186847814622668e-01 1.183395874023437500e+03 9.781635403633117676e-01
1.183401367187500000e+03 9.941204204927488464e-01 1.183401367187500000e+03 9.933012723922729492e-01
1.183406982421875000e+03 9.959610945875314592e-01 1.183406982421875000e+03 9.984085559844970703e-01
1.183412475585937500e+03 9.971925030298157688e-01 1.183412475585937500e+03 9.935513734817504883e-01
1.183418090820312500e+03 9.982083240462692464e-01 1.183418090820312500e+03 9.976581335067749023e-01
1.183423583984375000e+03 9.988232287391325404e-01 1.183423583984375000e+03 9.804989695549011230e-01
1.183429077148437500e+03 9.991252254222953155e-01 1.183429077148437500e+03 9.808131456375122070e-01
1.183434692382812500e+03 9.992945480296012706e-01 1.183434692382812500e+03 9.754313230514526367e-01
1.183440185546875000e+03 9.993839778040987110e-01 1.183440185546875000e+03 9.823349118232727051e-01
1.183445678710937500e+03 9.994095103466746899e-01 1.183445678710937500e+03 9.792021512985229492e-01
1.183451293945312500e+03 9.994186735002827948e-01 1.183451293945312500e+03 9.711127281188964844e-01
1.183456787109375000e+03 9.994544521954130678e-01 1.183456787109375000e+03 9.432991743087768555e-01
1.183462280273437500e+03 9.995128054181088295e-01 1.183462280273437500e+03 9.255758523941040039e-01
1.183467895507812500e+03 9.995466550860540034e-01 1.183467895507812500e+03 9.093688726425170898e-01
1.183473388671875000e+03 9.995128758916030920e-01 1.183473388671875000e+03 9.204252958297729492e-01
1.183478881835937500e+03 9.993833608940734248e-01 1.183478881835937500e+03 9.401720166206359863e-01
1.183484497070312500e+03 9.991368789266072969e-01 1.183484497070312500e+03 9.464014768600463867e-01
1.183489990234375000e+03 9.988640029640881712e-01 1.183489990234375000e+03 9.544132947921752930e-01
1.183495483398437500e+03 9.987911899676557015e-01 1.183495483398437500e+03 9.648141860961914062e-01
1.183501098632812500e+03 9.989925693411173535e-01 1.183501098632812500e+03 9.762334227561950684e-01
1.183506591796875000e+03 9.992510079131932121e-01 1.183506591796875000e+03 9.905184507369995117e-01
1.183512084960937500e+03 9.993946837113736326e-01 1.183512084960937500e+03 9.966044425964355469e-01
1.183517700195312500e+03 9.994745757312745171e-01 1.183517700195312500e+03 9.839834570884704590e-01
1.183523193359375000e+03 9.995536373969031718e-01 1.183523193359375000e+03 9.643384218215942383e-01
1.183528686523437500e+03 9.995916705248423240e-01 1.183528686523437500e+03 9.418592453002929688e-01
1.183534301757812500e+03 9.995764737178495229e-01 1.183534301757812500e+03 9.179255962371826172e-01
1.183539794921875000e+03 9.995363838975633852e-01 1.183539794921875000e+03 9.127786159515380859e-01
1.183545288085937500e+03 9.994956076845656900e-01 1.183545288085937500e+03 9.329894781112670898e-01
1.183550903320312500e+03 9.994408973757002990e-01 1.183550903320312500e+03 9.639916419982910156e-01
1.183556396484375000e+03 9.993529650700619937e-01 1.183556396484375000e+03 9.911401271820068359e-01
1.183561889648437500e+03 9.992238823371676348e-01 1.183561889648437500e+03 9.874302148818969727e-01
1.183567504882812500e+03 9.990373464895929700e-01 1.183567504882812500e+03 9.882668852806091309e-01
1.183572998046875000e+03 9.987621077442280226e-01 1.183572998046875000e+03 9.874995946884155273e-01
1.183578491210937500e+03 9.983297338808455601e-01 1.183578491210937500e+03 9.726115465164184570e-01
1.183584106445312500e+03 9.975945260275601578e-01 1.183584106445312500e+03 9.843405485153198242e-01
1.183589599609375000e+03 9.962857829621984962e-01 1.183589599609375000e+03 9.769248962402343750e-01
1.183595092773437500e+03 9.940266021954333731e-01 1.183595092773437500e+03 9.835528135299682617e-01
1.183600708007812500e+03 9.906716269600653879e-01 1.183600708007812500e+03 9.805821180343627930e-01
1.183606201171875000e+03 9.865315615634958624e-01 1.183606201171875000e+03 9.796281456947326660e-01
1.183611694335937500e+03 9.826915131849910390e-01 1.183611694335937500e+03 9.593735933303833008e-01
1.183617309570312500e+03 9.819927174467395492e-01 1.183617309570312500e+03 9.543034434318542480e-01
1.183622802734375000e+03 9.856794510428628087e-01 1.183622802734375000e+03 9.435467720031738281e-01
1.183628295898437500e+03 9.907787973108552748e-01 1.183628295898437500e+03 9.177997112274169922e-01
1.183633911132812500e+03 9.945166752560494761e-01 1.183633911132812500e+03 9.205696582794189453e-01
1.183639404296875000e+03 9.966069036852650553e-01 1.183639404296875000e+03 9.426983594894409180e-01
1.183644897460937500e+03 9.977318969031213625e-01 1.183644897460937500e+03 9.560792446136474609e-01
1.183650390625000000e+03 9.983827989048981166e-01 1.183650390625000000e+03 9.591629505157470703e-01
1.183656005859375000e+03 9.987860700608416353e-01 1.183656005859375000e+03 9.555984139442443848e-01
1.183661499023437500e+03 9.990393086097911768e-01 1.183661499023437500e+03 9.638587832450866699e-01
1.183666992187500000e+03 9.991868960094494323e-01 1.183666992187500000e+03 9.698840975761413574e-01
1.183672607421875000e+03 9.992871829740149758e-01 1.183672607421875000e+03 9.563636183738708496e-01
1.183678100585937500e+03 9.994070924496739616e-01 1.183678100585937500e+03 9.691153764724731445e-01
1.183683593750000000e+03 9.995212333362297752e-01 1.183683593750000000e+03 9.806506633758544922e-01
1.183689086914062500e+03 9.995964011535249938e-01 1.183689086914062500e+03 9.889535903930664062e-01
1.183694702148437500e+03 9.996460431946940783e-01 1.183694702148437500e+03 9.732708930969238281e-01
1.183700195312500000e+03 9.996832342789859771e-01 1.183700195312500000e+03 9.700719118118286133e-01
1.183705688476562500e+03 9.997127561406791152e-01 1.183705688476562500e+03 9.732022881507873535e-01
1.183711303710937500e+03 9.997365732262540883e-01 1.183711303710937500e+03 9.446601867675781250e-01
1.183716796875000000e+03 9.997556270588517924e-01 1.183716796875000000e+03 9.418120384216308594e-01
1.183722290039062500e+03 9.997708714489464965e-01 1.183722290039062500e+03 9.476655721664428711e-01
1.183727905273437500e+03 9.997822940008429526e-01 1.183727905273437500e+03 9.586358070373535156e-01
1.183733398437500000e+03 9.997864327020310471e-01 1.183733398437500000e+03 9.509378075599670410e-01
1.183738891601562500e+03 9.997783649229950997e-01 1.183738891601562500e+03 9.423313140869140625e-01
1.183744384765625000e+03 9.997725430618212838e-01 1.183744384765625000e+03 9.542601704597473145e-01
1.183750000000000000e+03 9.997886680131898851e-01 1.183750000000000000e+03 9.742476940155029297e-01
1.183755493164062500e+03 9.998077563359036857e-01 1.183755493164062500e+03 9.746767282485961914e-01
1.183760986328125000e+03 9.998153666219256053e-01 1.183760986328125000e+03 9.719383716583251953e-01
1.183766479492187500e+03 9.998170948392273161e-01 1.183766479492187500e+03 9.624533653259277344e-01
1.183772094726562500e+03 9.998168533124769386e-01 1.183772094726562500e+03 9.693676829338073730e-01
1.183777587890625000e+03 9.998154446447472532e-01 1.183777587890625000e+03 9.768230915069580078e-01
1.183783081054687500e+03 9.998130040951715980e-01 1.183783081054687500e+03 9.936703443527221680e-01
1.183788696289062500e+03 9.998095132167585941e-01 1.183788696289062500e+03 9.939984083175659180e-01
1.183794189453125000e+03 9.998050630124200033e-01 1.183794189453125000e+03 9.761077165603637695e-01
1.183799682617187500e+03 9.997997385791222991e-01 1.183799682617187500e+03 9.802675843238830566e-01
1.183805175781250000e+03 9.997934939786724540e-01 1.183805175781250000e+03 9.780562520027160645e-01
1.183810791015625000e+03 9.997862713292237080e-01 1.183810791015625000e+03 9.885743856430053711e-01
1.183816284179687500e+03 9.997780949369435843e-01 1.183816284179687500e+03 9.924321770668029785e-01
1.183821777343750000e+03 9.997689537508580582e-01 1.183821777343750000e+03 9.953828454017639160e-01
1.183827270507812500e+03 9.997587131520280224e-01 1.183827270507812500e+03 9.922530055046081543e-01
1.183832885742187500e+03 9.997472960208709791e-01 1.183832885742187500e+03 9.745290279388427734e-01
1.183838378906250000e+03 9.997347695878702201e-01 1.183838378906250000e+03 9.788287878036499023e-01
1.183843872070312500e+03 9.997210665923007555e-01 1.183843872070312500e+03 9.613946080207824707e-01
1.183849365234375000e+03 9.997058546355787056e-01 1.183849365234375000e+03 9.262766242027282715e-01
1.183854980468750000e+03 9.996889288600446788e-01 1.183854980468750000e+03 9.103332757949829102e-01
1.183860473632812500e+03 9.996703560319203374e-01 1.183860473632812500e+03 8.641732931137084961e-01
1.183865966796875000e+03 9.996500553698107749e-01 1.183865966796875000e+03 8.594881892204284668e-01
1.183871459960937500e+03 9.996276805227456430e-01 1.183871459960937500e+03 8.880712985992431641e-01
1.183877075195312500e+03 9.996029598109557046e-01 1.183877075195312500e+03 9.069458842277526855e-01
1.183882568359375000e+03 9.995756096614597519e-01 1.183882568359375000e+03 9.284296631813049316e-01
1.183888061523437500e+03 9.995436898939387138e-01 1.183888061523437500e+03 9.447818994522094727e-01
1.183893554687500000e+03 9.995017424529673011e-01 1.183893554687500000e+03 9.572082757949829102e-01
1.183899169921875000e+03 9.994523489378052128e-01 1.183899169921875000e+03 9.711550474166870117e-01
1.183904663085937500e+03 9.994145236897141737e-01 1.183904663085937500e+03 9.809596538543701172e-01
1.183910156250000000e+03 9.993842308651565975e-01 1.183910156250000000e+03 9.683548212051391602e-01
1.183915649414062500e+03 9.993425167311672519e-01 1.183915649414062500e+03 9.775115251541137695e-01
1.183921264648437500e+03 9.992887734017008583e-01 1.183921264648437500e+03 9.710506200790405273e-01
1.183926757812500000e+03 9.992272359231341161e-01 1.183926757812500000e+03 9.853689074516296387e-01
1.183932250976562500e+03 9.991578990608626087e-01 1.183932250976562500e+03 1.000552177429199219e+00
1.183937744140625000e+03 9.990791704867163503e-01 1.183937744140625000e+03 9.982638359069824219e-01
1.183943237304687500e+03 9.989892153995663104e-01 1.183943237304687500e+03 1.012411952018737793e+00
1.183948852539062500e+03 9.988859690432887461e-01 1.183948852539062500e+03 1.009132623672485352e+00
1.183954345703125000e+03 9.987678628478438014e-01 1.183954345703125000e+03 1.002562880516052246e+00
1.183959838867187500e+03 9.986319076345233636e-01 1.183959838867187500e+03 1.006757020950317383e+00
1.183965332031250000e+03 9.984726963672551081e-01 1.183965332031250000e+03 1.002899646759033203e+00
1.183970947265625000e+03 9.982845554133336075e-01 1.183970947265625000e+03 1.002407789230346680e+00
1.183976440429687500e+03 9.980625771631854715e-01 1.183976440429687500e+03 1.007921218872070312e+00
1.183981933593750000e+03 9.977985984349130311e-01 1.183981933593750000e+03 1.000556230545043945e+00
1.183987426757812500e+03 9.974794816924617002e-01 1.183987426757812500e+03 1.005991339683532715e+00
1.183992919921875000e+03 9.970857707733524755e-01 1.183992919921875000e+03 1.011681795120239258e+00
1.183998535156250000e+03 9.965931024934052695e-01 1.183998535156250000e+03 1.007926344871520996e+00
1.184004028320312500e+03 9.959729535005261702e-01 1.184004028320312500e+03 1.001098275184631348e+00
1.184009521484375000e+03 9.951749788235072502e-01 1.184009521484375000e+03 9.924677610397338867e-01
1.184015014648437500e+03 9.941094110511990989e-01 1.184015014648437500e+03 9.795725941658020020e-01
1.184020629882812500e+03 9.926380802933030267e-01 1.184020629882812500e+03 1.000498056411743164e+00
1.184026123046875000e+03 9.905380287424468966e-01 1.184026123046875000e+03 1.003853082656860352e+00
1.184031616210937500e+03 9.874243438650633919e-01 1.184031616210937500e+03 1.001642227172851562e+00
1.184037109375000000e+03 9.827043319164775470e-01 1.184037109375000000e+03 1.004697322845458984e+00
1.184042602539062500e+03 9.752056327377863765e-01 1.184042602539062500e+03 9.952381849288940430e-01
1.184048217773437500e+03 9.621413044584410379e-01 1.184048217773437500e+03 9.987150430679321289e-01
1.184053710937500000e+03 9.385644493109804865e-01 1.184053710937500000e+03 1.001546740531921387e+00
1.184059204101562500e+03 9.009759292804299102e-01 1.184059204101562500e+03 9.995172023773193359e-01
1.184064697265625000e+03 8.604802317386253119e-01 1.184064697265625000e+03 9.926178455352783203e-01
1.184070190429687500e+03 8.472577023063131429e-01 1.184070190429687500e+03 9.979478120803833008e-01
1.184075805664062500e+03 8.746779472545149758e-01 1.184075805664062500e+03 1.001766681671142578e+00
1.184081298828125000e+03 9.171099114776236627e-01 1.184081298828125000e+03 1.004189133644104004e+00
1.184086791992187500e+03 9.494865266995964337e-01 1.184086791992187500e+03 1.003545999526977539e+00
1.184092285156250000e+03 9.684681640937087277e-01 1.184092285156250000e+03 9.934257268905639648e-01
1.184097778320312500e+03 9.790469119850635504e-01 1.184097778320312500e+03 9.835529923439025879e-01
1.184103393554687500e+03 9.852143518526690347e-01 1.184103393554687500e+03 9.840515255928039551e-01
1.184108886718750000e+03 9.890172412306409422e-01 1.184108886718750000e+03 1.001711964607238770e+00
1.184114379882812500e+03 9.915274598025589636e-01 1.184114379882812500e+03 9.932033419609069824e-01
1.184119873046875000e+03 9.932792985352997261e-01 1.184119873046875000e+03 1.015434741973876953e+00
1.184125366210937500e+03 9.945372987017073729e-01 1.184125366210937500e+03 1.009965896606445312e+00
1.184130859375000000e+03 9.954741060404991293e-01 1.184130859375000000e+03 1.011622190475463867e+00
1.184136474609375000e+03 9.961928641984593158e-01 1.184136474609375000e+03 1.009267330169677734e+00
1.184141967773437500e+03 9.967498286635737559e-01 1.184141967773437500e+03 1.013483166694641113e+00
1.184147460937500000e+03 9.971888724431615669e-01 1.184147460937500000e+03 1.016960620880126953e+00
1.184152954101562500e+03 9.975424046511272014e-01 1.184152954101562500e+03 1.010503768920898438e+00
1.184158447265625000e+03 9.978302820326724332e-01 1.184158447265625000e+03 1.019823312759399414e+00
1.184163940429687500e+03 9.980676651389369658e-01 1.184163940429687500e+03 1.009046316146850586e+00
1.184169555664062500e+03 9.982641524381491438e-01 1.184169555664062500e+03 1.008876919746398926e+00
1.184175048828125000e+03 9.984250003273766882e-01 1.184175048828125000e+03 1.012914896011352539e+00
1.184180541992187500e+03 9.985558218342803771e-01 1.184180541992187500e+03 1.001282691955566406e+00
1.184186035156250000e+03 9.986604600901650697e-01 1.184186035156250000e+03 1.006247639656066895e+00
1.184191528320312500e+03 9.987401166957152743e-01 1.184191528320312500e+03 9.929777383804321289e-01
1.184197143554687500e+03 9.987927022930827015e-01 1.184197143554687500e+03 9.894580841064453125e-01
1.184202636718750000e+03 9.988114296895543864e-01 1.184202636718750000e+03 9.954090714454650879e-01
1.184208129882812500e+03 9.987825471378773967e-01 1.184208129882812500e+03 9.844002723693847656e-01
1.184213623046875000e+03 9.986745469490221350e-01 1.184213623046875000e+03 9.673578143119812012e-01
1.184219116210937500e+03 9.984166706091595067e-01 1.184219116210937500e+03 9.559000730514526367e-01
1.184224609375000000e+03 9.978825367340091734e-01 1.184224609375000000e+03 9.732051491737365723e-01
1.184230102539062500e+03 9.969969787362122915e-01 1.184230102539062500e+03 9.677593708038330078e-01
1.184235717773437500e+03 9.961149949600855980e-01 1.184235717773437500e+03 9.632670879364013672e-01
1.184241210937500000e+03 9.960056471727062322e-01 1.184241210937500000e+03 9.771795272827148438e-01
1.184246704101562500e+03 9.968057912899226380e-01 1.184246704101562500e+03 9.836574196815490723e-01
1.184252197265625000e+03 9.978173752419791098e-01 1.184252197265625000e+03 9.603919982910156250e-01
1.184257690429687500e+03 9.985273605798525853e-01 1.184257690429687500e+03 9.526231288909912109e-01
1.184263183593750000e+03 9.989278854382955819e-01 1.184263183593750000e+03 9.479780197143554688e-01
1.184268798828125000e+03 9.991508164441430528e-01 1.184268798828125000e+03 9.474612474441528320e-01
1.184274291992187500e+03 9.992830129156832220e-01 1.184274291992187500e+03 9.536473155021667480e-01
1.184279785156250000e+03 9.993676225193479645e-01 1.184279785156250000e+03 9.426475763320922852e-01
1.184285278320312500e+03 9.994250804554911660e-01 1.184285278320312500e+03 9.210199117660522461e-01
1.184290771484375000e+03 9.994651774261692490e-01 1.184290771484375000e+03 8.895230293273925781e-01
1.184296264648437500e+03 9.994928532916387276e-01 1.184296264648437500e+03 8.553764820098876953e-01
1.184301757812500000e+03 9.995090304570508621e-01 1.184301757812500000e+03 8.082671165466308594e-01
1.184307373046875000e+03 9.995096431073453580e-01 1.184307373046875000e+03 7.333036661148071289e-01
1.184312866210937500e+03 9.994995808258423375e-01 1.184312866210937500e+03 6.194850206375122070e-01
1.184318359375000000e+03 9.994996520106795845e-01 1.184318359375000000e+03 4.891287088394165039e-01
1.184323852539062500e+03 9.995022715391085333e-01 1.184323852539062500e+03 3.919257819652557373e-01
1.184329345703125000e+03 9.994787309765975625e-01 1.184329345703125000e+03 3.996678888797760010e-01
1.184334838867187500e+03 9.994188176823568526e-01 1.184334838867187500e+03 4.942433238029479980e-01
1.184340332031250000e+03 9.993532672374426662e-01 1.184340332031250000e+03 6.194980144500732422e-01
1.184345825195312500e+03 9.993053758857377566e-01 1.184345825195312500e+03 7.159432768821716309e-01
1.184351440429687500e+03 9.992195405811118425e-01 1.184351440429687500e+03 7.988522648811340332e-01
1.184356933593750000e+03 9.990370945157176497e-01 1.184356933593750000e+03 8.533467054367065430e-01
1.184362426757812500e+03 9.986923691477573861e-01 1.184362426757812500e+03 8.880003094673156738e-01
1.184367919921875000e+03 9.980486695268127040e-01 1.184367919921875000e+03 9.156176447868347168e-01
1.184373413085937500e+03 9.970064020498363710e-01 1.184373413085937500e+03 9.372093081474304199e-01
1.184378906250000000e+03 9.958799543095412377e-01 1.184378906250000000e+03 9.607044458389282227e-01
1.184384399414062500e+03 9.954877034677548364e-01 1.184384399414062500e+03 9.653266072273254395e-01
1.184389892578125000e+03 9.961839119804665188e-01 1.184389892578125000e+03 9.580099582672119141e-01
1.184395507812500000e+03 9.972690701359651078e-01 1.184395507812500000e+03 9.516214132308959961e-01
1.184401000976562500e+03 9.980145438963368143e-01 1.184401000976562500e+03 9.379329085350036621e-01
1.184406494140625000e+03 9.983594020242979594e-01 1.184406494140625000e+03 9.370672106742858887e-01
1.184411987304687500e+03 9.985466516974428330e-01 1.184411987304687500e+03 9.403805732727050781e-01
1.184417480468750000e+03 9.987213023613100704e-01 1.184417480468750000e+03 9.629874229431152344e-01
1.184422973632812500e+03 9.988454332270149116e-01 1.184422973632812500e+03 9.695321321487426758e-01
1.184428466796875000e+03 9.988332731367178807e-01 1.184428466796875000e+03 9.721529483795166016e-01
1.184433959960937500e+03 9.986004970169031214e-01 1.184433959960937500e+03 9.813544750213623047e-01
1.184439453125000000e+03 9.981594319628332990e-01 1.184439453125000000e+03 9.858492612838745117e-01
1.184445068359375000e+03 9.978599170794741902e-01 1.184445068359375000e+03 9.861435890197753906e-01
1.184450561523437500e+03 9.979468530781155922e-01 1.184450561523437500e+03 1.002671718597412109e+00
1.184456054687500000e+03 9.980160443892859279e-01 1.184456054687500000e+03 9.875255823135375977e-01
1.184461547851562500e+03 9.977307208058324717e-01 1.184461547851562500e+03 9.979172348976135254e-01
1.184467041015625000e+03 9.972688286633996091e-01 1.184467041015625000e+03 9.898325800895690918e-01
1.184472534179687500e+03 9.970159831231734104e-01 1.184472534179687500e+03 9.830307960510253906e-01
1.184478027343750000e+03 9.970034724482215172e-01 1.184478027343750000e+03 9.759654998779296875e-01
1.184483520507812500e+03 9.968882038908906118e-01 1.184483520507812500e+03 9.619712829589843750e-01
1.184489013671875000e+03 9.964453842591184385e-01 1.184489013671875000e+03 9.618381261825561523e-01
1.184494506835937500e+03 9.956057810306450095e-01 1.184494506835937500e+03 9.551010727882385254e-01
1.184500000000000000e+03 9.942208236414737943e-01 1.184500000000000000e+03 9.601196646690368652e-01
1.184505615234375000e+03 9.919231223699943589e-01 1.184505615234375000e+03 9.732518196105957031e-01
1.184511108398437500e+03 9.879550202003677395e-01 1.184511108398437500e+03 9.842231869697570801e-01
1.184516601562500000e+03 9.808480686137835969e-01 1.184516601562500000e+03 9.921296834945678711e-01
1.184522094726562500e+03 9.689020164880782771e-01 1.184522094726562500e+03 1.000010728836059570e+00
1.184527587890625000e+03 9.538336582339580483e-01 1.184527587890625000e+03 9.986515045166015625e-01
1.184533081054687500e+03 9.448308955688822230e-01 1.184533081054687500e+03 1.006623744964599609e+00
1.184538574218750000e+03 9.502083795757041429e-01 1.184538574218750000e+03 9.924035072326660156e-01
1.184544067382812500e+03 9.647538189267259590e-01 1.184544067382812500e+03 9.790272712707519531e-01
1.184549560546875000e+03 9.780040948604697970e-01 1.184549560546875000e+03 9.852632284164428711e-01
1.184555053710937500e+03 9.863151007232584533e-01 1.184555053710937500e+03 9.981589317321777344e-01
1.184560546875000000e+03 9.909555558119260699e-01 1.184560546875000000e+03 9.910112619400024414e-01
1.184566040039062500e+03 9.935996056434548418e-01 1.184566040039062500e+03 9.933987259864807129e-01
1.184571533203125000e+03 9.952044521564417101e-01 1.184571533203125000e+03 9.908571839332580566e-01
1.184577148437500000e+03 9.962224351274070466e-01 1.184577148437500000e+03 9.956048727035522461e-01
1.184582641601562500e+03 9.968828638136416620e-01 1.184582641601562500e+03 9.964864253997802734e-01
1.184588134765625000e+03 9.973281153876750738e-01 1.184588134765625000e+03 9.772216081619262695e-01
1.184593627929687500e+03 9.976058096725769486e-01 1.184593627929687500e+03 9.615271091461181641e-01
1.184599121093750000e+03 9.977326664018543179e-01 1.184599121093750000e+03 9.683647155761718750e-01
1.184604614257812500e+03 9.977947253057199983e-01 1.184604614257812500e+03 9.761226177215576172e-01
1.184610107421875000e+03 9.979124450447542927e-01 1.184610107421875000e+03 9.784346818923950195e-01
1.184615600585937500e+03 9.980879929695559705e-01 1.184615600585937500e+03 9.679170846939086914e-01
1.184621093750000000e+03 9.982169835222987064e-01 1.184621093750000000e+03 9.609187841415405273e-01
1.184626586914062500e+03 9.982443703756593845e-01 1.184626586914062500e+03 9.498791098594665527e-01
1.184632080078125000e+03 9.981888293466509854e-01 1.184632080078125000e+03 9.489604234695434570e-01
1.184637573242187500e+03 9.980546113280713838e-01 1.184637573242187500e+03 9.651178121566772461e-01
1.184643066406250000e+03 9.977922585350152973e-01 1.184643066406250000e+03 9.700978994369506836e-01
1.184648559570312500e+03 9.973200849856531658e-01 1.184648559570312500e+03 9.689246416091918945e-01
1.184654052734375000e+03 9.964729906834625117e-01 1.184654052734375000e+03 9.445978403091430664e-01
1.184659545898437500e+03 9.949024822995961026e-01 1.184659545898437500e+03 9.274522066116333008e-01
1.184665039062500000e+03 9.921049118258775668e-01 1.184665039062500000e+03 9.243786334991455078e-01
1.184670654296875000e+03 9.882715214128030556e-01 1.184670654296875000e+03 9.281456470489501953e-01
1.184676147460937500e+03 9.856299916332396105e-01 1.184676147460937500e+03 9.648399353027343750e-01
1.184681640625000000e+03 9.865584042233851436e-01 1.184681640625000000e+03 9.732763171195983887e-01
1.184687133789062500e+03 9.900346518197216117e-01 1.184687133789062500e+03 9.960707426071166992e-01
1.184692626953125000e+03 9.933075748644343284e-01 1.184692626953125000e+03 9.831964969635009766e-01
1.184698120117187500e+03 9.952757192719221546e-01 1.184698120117187500e+03 9.909166097640991211e-01
1.184703613281250000e+03 9.962485780047858341e-01 1.184703613281250000e+03 9.935690164566040039e-01
1.184709106445312500e+03 9.966748203128500405e-01 1.184709106445312500e+03 9.893227815628051758e-01
1.184714599609375000e+03 9.967935897387490973e-01 1.184714599609375000e+03 9.895061254501342773e-01
1.184720092773437500e+03 9.967027732212443425e-01 1.184720092773437500e+03 9.790208935737609863e-01
1.184725585937500000e+03 9.964352392980452278e-01 1.184725585937500000e+03 9.680103063583374023e-01
1.184731079101562500e+03 9.960024300037739753e-01 1.184731079101562500e+03 9.543968439102172852e-01
1.184736572265625000e+03 9.953753555823569021e-01 1.184736572265625000e+03 9.382103681564331055e-01
1.184742065429687500e+03 9.944601444244677291e-01 1.184742065429687500e+03 9.324554204940795898e-01
1.184747558593750000e+03 9.931135134228914474e-01 1.184747558593750000e+03 9.267276525497436523e-01
1.184753051757812500e+03 9.910906988734508039e-01 1.184753051757812500e+03 9.297387599945068359e-01
1.184758544921875000e+03 9.879223895739471795e-01 1.184758544921875000e+03 9.161616563796997070e-01
1.184764038085937500e+03 9.826648557831298980e-01 1.184764038085937500e+03 8.793876171112060547e-01
1.184769531250000000e+03 9.734067634866602203e-01 1.184769531250000000e+03 8.469853401184082031e-01
1.184775024414062500e+03 9.570173620284931904e-01 1.184775024414062500e+03 8.219490647315979004e-01
1.184780517578125000e+03 9.318927946444814925e-01 1.184780517578125000e+03 8.206009268760681152e-01
1.184786010742187500e+03 9.065314213314247249e-01 1.184786010742187500e+03 7.625758051872253418e-01
1.184791503906250000e+03 9.002165947526882261e-01 1.184791503906250000e+03 7.216726541519165039e-01
1.184796997070312500e+03 9.190161472089936057e-01 1.184796997070312500e+03 7.415901422500610352e-01
1.184802490234375000e+03 9.461877251091168617e-01 1.184802490234375000e+03 7.953593134880065918e-01
1.184807983398437500e+03 9.668211168953094736e-01 1.184807983398437500e+03 8.737745285034179688e-01
1.184813476562500000e+03 9.790241151688424681e-01 1.184813476562500000e+03 9.113192558288574219e-01
1.184818969726562500e+03 9.858962879110992894e-01 1.184818969726562500e+03 9.356204271316528320e-01
1.184824462890625000e+03 9.899448542574817989e-01 1.184824462890625000e+03 9.444370269775390625e-01
1.184829956054687500e+03 9.924797692590554554e-01 1.184829956054687500e+03 9.421517848968505859e-01
1.184835449218750000e+03 9.941629228485071579e-01 1.184835449218750000e+03 9.427192211151123047e-01
1.184840942382812500e+03 9.953527453400405900e-01 1.184840942382812500e+03 9.597930908203125000e-01
1.184846435546875000e+03 9.962218622707096349e-01 1.184846435546875000e+03 9.859746694564819336e-01
1.184851928710937500e+03 9.968663577125218556e-01 1.184851928710937500e+03 9.969500303268432617e-01
1.184857421875000000e+03 9.973580614239074826e-01 1.184857421875000000e+03 9.993448257446289062e-01
1.184862915039062500e+03 9.977436857591253094e-01 1.184862915039062500e+03 9.871309995651245117e-01
1.184868408203125000e+03 9.980519774920209031e-01 1.184868408203125000e+03 9.777606725692749023e-01
1.184873901367187500e+03 9.983022091738765758e-01 1.184873901367187500e+03 9.536284804344177246e-01
1.184879394531250000e+03 9.985081950200550560e-01 1.184879394531250000e+03 9.340064525604248047e-01
1.184884887695312500e+03 9.986797330173988740e-01 1.184884887695312500e+03 9.543873071670532227e-01
1.184890380859375000e+03 9.988241780203764852e-01 1.184890380859375000e+03 9.831683039665222168e-01
1.184895874023437500e+03 9.989470385988465928e-01 1.184895874023437500e+03 9.945142865180969238e-01
1.184901367187500000e+03 9.990523752418771775e-01 1.184901367187500000e+03 9.956243038177490234e-01
1.184906860351562500e+03 9.991432658091492502e-01 1.184906860351562500e+03 9.867008328437805176e-01
1.184912353515625000e+03 9.992222362233342814e-01 1.184912353515625000e+03 9.920870065689086914e-01
1.184917846679687500e+03 9.992912720251362346e-01 1.184917846679687500e+03 9.765152335166931152e-01
1.184923339843750000e+03 9.993518311021315492e-01 1.184923339843750000e+03 9.711088538169860840e-01
1.184928833007812500e+03 9.994049158955526924e-01 1.184928833007812500e+03 9.482743144035339355e-01
1.184934326171875000e+03 9.994504917823017198e-01 1.184934326171875000e+03 9.282063245773315430e-01
1.184939819335937500e+03 9.994833616274195753e-01 1.184939819335937500e+03 9.289263486862182617e-01
1.184945312500000000e+03 9.994873141759161861e-01 1.184945312500000000e+03 9.312086105346679688e-01
1.184950805664062500e+03 9.994725558688418721e-01 1.184950805664062500e+03 9.483782052993774414e-01
1.184956298828125000e+03 9.995070166258743782e-01 1.184956298828125000e+03 9.620096683502197266e-01
1.184961791992187500e+03 9.995853065146207417e-01 1.184961791992187500e+03 9.708648920059204102e-01
1.184967285156250000e+03 9.996420124563962784e-01 1.184967285156250000e+03 9.763771295547485352e-01
1.184972778320312500e+03 9.996736567632396042e-01 1.184972778320312500e+03 9.823166728019714355e-01
1.184978271484375000e+03 9.996968707200279969e-01 1.184978271484375000e+03 9.792870879173278809e-01
1.184983764648437500e+03 9.997169505741804185e-01 1.184983764648437500e+03 9.868893623352050781e-01
1.184989257812500000e+03 9.997349274850730882e-01 1.184989257812500000e+03 9.854992628097534180e-01
1.184994750976562500e+03 9.997512255971218176e-01 1.184994750976562500e+03 9.739876985549926758e-01
1.185000244140625000e+03 9.997661213472036623e-01 1.185000244140625000e+03 9.710810184478759766e-01
1.185005737304687500e+03 9.997797432632182790e-01 1.185005737304687500e+03 9.668744802474975586e-01
1.185011230468750000e+03 9.997921398641756996e-01 1.185011230468750000e+03 9.648222923278808594e-01
1.185016723632812500e+03 9.998033493380295011e-01 1.185016723632812500e+03 9.396500587463378906e-01
1.185022216796875000e+03 9.998133272667719673e-01 1.185022216796875000e+03 9.147664308547973633e-01
1.185027709960937500e+03 9.998218203436962659e-01 1.185027709960937500e+03 8.659319877624511719e-01
1.185033081054687500e+03 9.998281746053693242e-01 1.185033081054687500e+03 7.946305274963378906e-01
1.185038574218750000e+03 9.998277774455540667e-01 1.185038574218750000e+03 7.084331512451171875e-01
1.185044067382812500e+03 9.997939765152684677e-01 1.185044067382812500e+03 6.113154888153076172e-01
1.185049560546875000e+03 9.996762535000270899e-01 1.185049560546875000e+03 5.719716548919677734e-01
1.185055053710937500e+03 9.995565206609825504e-01 1.185055053710937500e+03 6.335710287094116211e-01
1.185060546875000000e+03 9.996252118795597719e-01 1.185060546875000000e+03 7.397508621215820312e-01
1.185066040039062500e+03 9.997778077916154027e-01 1.185066040039062500e+03 8.178539276123046875e-01
1.185071533203125000e+03 9.998501891816028442e-01 1.185071533203125000e+03 8.701908588409423828e-01
1.185077026367187500e+03 9.998639830147733054e-01 1.185077026367187500e+03 9.070392847061157227e-01
1.185082519531250000e+03 9.998561964474772523e-01 1.185082519531250000e+03 9.340244531631469727e-01
1.185088012695312500e+03 9.998483456200724095e-01 1.185088012695312500e+03 9.542652964591979980e-01
1.185093505859375000e+03 9.998573541072365289e-01 1.185093505859375000e+03 9.504199028015136719e-01
1.185098999023437500e+03 9.998677088250840228e-01 1.185098999023437500e+03 9.448291063308715820e-01
1.185104492187500000e+03 9.998661618677789908e-01 1.185104492187500000e+03 9.458407759666442871e-01
1.185109985351562500e+03 9.998547295913351451e-01 1.185109985351562500e+03 9.625941514968872070e-01
1.185115478515625000e+03 9.998318697114947362e-01 1.185115478515625000e+03 9.730851054191589355e-01
1.185120971679687500e+03 9.997873660856791966e-01 1.185120971679687500e+03 9.946869611740112305e-01
1.185126464843750000e+03 9.997028897600229724e-01 1.185126464843750000e+03 9.966701865196228027e-01
1.185131835937500000e+03 9.995717082605852788e-01 1.185131835937500000e+03 9.995021820068359375e-01
1.185137329101562500e+03 9.994496985534098155e-01 1.185137329101562500e+03 9.903296828269958496e-01
1.185142822265625000e+03 9.994402926401499965e-01 1.185142822265625000e+03 9.861423969268798828e-01
1.185148315429687500e+03 9.995461860215223426e-01 1.185148315429687500e+03 9.778900742530822754e-01
1.185153808593750000e+03 9.996628714622428635e-01 1.185153808593750000e+03 9.746071100234985352e-01
1.185159301757812500e+03 9.997283015623901203e-01 1.185159301757812500e+03 9.783815145492553711e-01
1.185164794921875000e+03 9.997465188911314193e-01 1.185164794921875000e+03 9.880475401878356934e-01
1.185170288085937500e+03 9.997324384024391941e-01 1.185170288085937500e+03 9.938812851905822754e-01
1.185175781250000000e+03 9.996893898283732982e-01 1.185175781250000000e+03 1.003741979598999023e+00
1.185181274414062500e+03 9.996073224440108485e-01 1.185181274414062500e+03 9.899016618728637695e-01
1.185186767578125000e+03 9.994550181974819481e-01 1.185186767578125000e+03 9.892544746398925781e-01
1.185192260742187500e+03 9.991484662252000382e-01 1.185192260742187500e+03 9.920774698257446289e-01
1.185197631835937500e+03 9.984525277058275972e-01 1.185197631835937500e+03 9.764118194580078125e-01
1.185203125000000000e+03 9.968803033681080672e-01 1.185203125000000000e+03 9.868694543838500977e-01
1.185208618164062500e+03 9.943980145699253814e-01 1.185208618164062500e+03 9.896287918090820312e-01
1.185214111328125000e+03 9.928880002914354241e-01 1.185214111328125000e+03 9.872874021530151367e-01
1.185219604492187500e+03 9.941522210619841982e-01 1.185219604492187500e+03 9.992319941520690918e-01
1.185225097656250000e+03 9.966498649440198587e-01 1.185225097656250000e+03 1.010524511337280273e+00
1.185230590820312500e+03 9.983340239293750917e-01 1.185230590820312500e+03 1.013637542724609375e+00
1.185236083984375000e+03 9.990880111528339658e-01 1.185236083984375000e+03 1.004583835601806641e+00
1.185241577148437500e+03 9.994031661342437367e-01 1.185241577148437500e+03 1.016135931015014648e+00
1.185247070312500000e+03 9.995358648641319288e-01 1.185247070312500000e+03 1.020198225975036621e+00
1.185252563476562500e+03 9.995546478382404398e-01 1.185252563476562500e+03 1.022884368896484375e+00
1.185257934570312500e+03 9.994041659281206469e-01 1.185257934570312500e+03 1.026806950569152832e+00
1.185263427734375000e+03 9.989351925615825856e-01 1.185263427734375000e+03 1.020260453224182129e+00
1.185268920898437500e+03 9.983536273407461747e-01 1.185268920898437500e+03 1.004800438880920410e+00
1.185274414062500000e+03 9.983865220878505031e-01 1.185274414062500000e+03 1.006460428237915039e+00
1.185279907226562500e+03 9.989590291778042142e-01 1.185279907226562500e+03 1.011120915412902832e+00
1.185285400390625000e+03 9.993486387405777771e-01 1.185285400390625000e+03 1.009875774383544922e+00
1.185290893554687500e+03 9.993711105845847209e-01 1.185290893554687500e+03 1.011194705963134766e+00
1.185296386718750000e+03 9.991581049922020341e-01 1.185296386718750000e+03 1.008245706558227539e+00
1.185301879882812500e+03 9.989404986646429618e-01 1.185301879882812500e+03 1.011418819427490234e+00
1.185307250976562500e+03 9.989866204331288024e-01 1.185307250976562500e+03 9.968104958534240723e-01
1.185312744140625000e+03 9.992747397908917639e-01 1.185312744140625000e+03 1.001461744308471680e+00
1.185318237304687500e+03 9.995524607354668856e-01 1.185318237304687500e+03 9.800348281860351562e-01
1.185323730468750000e+03 9.997097510697687817e-01 1.185323730468750000e+03 9.849085807800292969e-01
1.185329223632812500e+03 9.997986238586158425e-01 1.185329223632812500e+03 9.909515976905822754e-01
1.185334716796875000e+03 9.998572999153775287e-01 1.185334716796875000e+03 9.920078516006469727e-01
1.185340209960937500e+03 9.998903687493867487e-01 1.185340209960937500e+03 9.923703670501708984e-01
1.185345703125000000e+03 9.999080250403180603e-01 1.185345703125000000e+03 9.955306053161621094e-01
1.185351074218750000e+03 9.999187276629841747e-01 1.185351074218750000e+03 9.928425550460815430e-01
1.185356567382812500e+03 9.999257016785059182e-01 1.185356567382812500e+03 9.915369749069213867e-01
1.185362060546875000e+03 9.999301322942970582e-01 1.185362060546875000e+03 9.771762490272521973e-01
1.185367553710937500e+03 9.999326105233944384e-01 1.185367553710937500e+03 9.867339134216308594e-01
1.185373046875000000e+03 9.999334600404348183e-01 1.185373046875000000e+03 9.883919954299926758e-01
1.185378540039062500e+03 9.999328448143959269e-01 1.185378540039062500e+03 1.001988649368286133e+00
1.185384033203125000e+03 9.999307851332603914e-01 1.185384033203125000e+03 1.007159709930419922e+00
1.185389526367187500e+03 9.999271910542235631e-01 1.185389526367187500e+03 1.000566124916076660e+00
1.185394897460937500e+03 9.999218242130751833e-01 1.185394897460937500e+03 1.004770636558532715e+00
1.185400390625000000e+03 9.999141980519621331e-01 1.185400390625000000e+03 9.994848966598510742e-01
1.185405883789062500e+03 9.999035519088778079e-01 1.185405883789062500e+03 9.770228862762451172e-01
1.185411376953125000e+03 9.998886805523555799e-01 1.185411376953125000e+03 9.796199202537536621e-01
1.185416870117187500e+03 9.998667783257407793e-01 1.185416870117187500e+03 9.873148202896118164e-01
1.185422363281250000e+03 9.998305987963687080e-01 1.185422363281250000e+03 9.908813834190368652e-01
1.185427856445312500e+03 9.997729401031002494e-01 1.185427856445312500e+03 1.006108283996582031e+00
1.185433227539062500e+03 9.996986129624003681e-01 1.185433227539062500e+03 9.966489672660827637e-01
1.185438720703125000e+03 9.995886842114003468e-01 1.185438720703125000e+03 9.957945346832275391e-01
1.185444213867187500e+03 9.993605795081418330e-01 1.185444213867187500e+03 9.920486211776733398e-01
1.185449707031250000e+03 9.989049721272498239e-01 1.185449707031250000e+03 9.922887086868286133e-01
1.185455200195312500e+03 9.982333227774570217e-01 1.185455200195312500e+03 9.908869266510009766e-01
1.185460693359375000e+03 9.976481896389107762e-01 1.185460693359375000e+03 9.784677624702453613e-01
1.185466186523437500e+03 9.975906837424726170e-01 1.185466186523437500e+03 9.355978965759277344e-01
1.185471557617187500e+03 9.981187234585824353e-01 1.185471557617187500e+03 9.110177755355834961e-01
1.185477050781250000e+03 9.987969941702061760e-01 1.185477050781250000e+03 9.187470078468322754e-01
1.185482543945312500e+03 9.992769329723701910e-01 1.185482543945312500e+03 9.464503526687622070e-01
1.185488037109375000e+03 9.995405187670817204e-01 1.185488037109375000e+03 9.808301925659179688e-01
1.185493530273437500e+03 9.996804801552579001e-01 1.185493530273437500e+03 1.002144098281860352e+00
1.185499023437500000e+03 9.997591035897899214e-01 1.185499023437500000e+03 1.005172967910766602e+00
1.185504394531250000e+03 9.998063092882468750e-01 1.185504394531250000e+03 1.002237796783447266e+00
1.185509887695312500e+03 9.998363180676373974e-01 1.185509887695312500e+03 9.964406490325927734e-01
1.185515380859375000e+03 9.998558653292567433e-01 1.185515380859375000e+03 9.993543624877929688e-01
1.185520874023437500e+03 9.998685226713860397e-01 1.185520874023437500e+03 1.005075931549072266e+00
1.185526367187500000e+03 9.998764497028614917e-01 1.185526367187500000e+03 1.006068825721740723e+00
1.185531860351562500e+03 9.998809111352063850e-01 1.185531860351562500e+03 1.007354021072387695e+00
1.185537231445312500e+03 9.998827007309909476e-01 1.185537231445312500e+03 1.010292291641235352e+00
1.185542724609375000e+03 9.998822794727532104e-01 1.185542724609375000e+03 1.017713665962219238e+00
1.185548217773437500e+03 9.998798753396028749e-01 1.185548217773437500e+03 1.017503976821899414e+00
1.185553710937500000e+03 9.998756413082309225e-01 1.185553710937500000e+03 1.006368994712829590e+00
1.185559204101562500e+03 9.998696788192635854e-01 1.185559204101562500e+03 1.008611202239990234e+00
1.185564575195312500e+03 9.998619519198542749e-01 1.185564575195312500e+03 1.004042387008666992e+00
1.185570068359375000e+03 9.998521789978100927e-01 1.185570068359375000e+03 1.003618478775024414e+00
1.185575561523437500e+03 9.998400701398291179e-01 1.185575561523437500e+03 9.921575784683227539e-01
1.185581054687500000e+03 9.998253434139638962e-01 1.185581054687500000e+03 9.939360618591308594e-01
1.185586547851562500e+03 9.998075180873911005e-01 1.185586547851562500e+03 9.917988777160644531e-01
1.185592041015625000e+03 9.997859857134381301e-01 1.185592041015625000e+03 9.850322604179382324e-01
1.185597412109375000e+03 9.997594749735618791e-01 1.185597412109375000e+03 9.959481954574584961e-01
1.185602905273437500e+03 9.997237830992885543e-01 1.185602905273437500e+03 1.008840322494506836e+00
1.185608398437500000e+03 9.996713654900921675e-01 1.185608398437500000e+03 1.003516316413879395e+00
1.185613891601562500e+03 9.996082073205962981e-01 1.185613891601562500e+03 1.007463693618774414e+00
1.185619384765625000e+03 9.995528000560307547e-01 1.185619384765625000e+03 1.012694358825683594e+00
1.185624755859375000e+03 9.994892649733012613e-01 1.185624755859375000e+03 9.903013706207275391e-01
1.185630249023437500e+03 9.993903552932350554e-01 1.185630249023437500e+03 1.001570463180541992e+00
1.185635742187500000e+03 9.992443540687985237e-01 1.185635742187500000e+03 9.691227078437805176e-01
1.185641235351562500e+03 9.990300573903019288e-01 1.185641235351562500e+03 9.616424441337585449e-01
1.185646728515625000e+03 9.986916818954052477e-01 1.185646728515625000e+03 9.495261907577514648e-01
1.185652099609375000e+03 9.980808018549888194e-01 1.185652099609375000e+03 9.723184108734130859e-01
1.185657592773437500e+03 9.969249859015927306e-01 1.185657592773437500e+03 9.883581399917602539e-01
1.185663085937500000e+03 9.952140412697990657e-01 1.185663085937500000e+03 1.013094425201416016e+00
1.185668579101562500e+03 9.932505993710672998e-01 1.185668579101562500e+03 1.015399456024169922e+00
1.185674072265625000e+03 9.906696599765879574e-01 1.185674072265625000e+03 1.010342597961425781e+00
1.185679443359375000e+03 9.874190927208439383e-01 1.185679443359375000e+03 9.952406883239746094e-01
1.185684936523437500e+03 9.848424732937381965e-01 1.185684936523437500e+03 9.951612949371337891e-01
1.185690429687500000e+03 9.845121224376970348e-01 1.185690429687500000e+03 1.001404643058776855e+00
1.185695922851562500e+03 9.871396388546103129e-01 1.185695922851562500e+03 9.892374277114868164e-01
1.185701416015625000e+03 9.913034910435906122e-01 1.185701416015625000e+03 9.847830533981323242e-01
1.185706787109375000e+03 9.946800626075956719e-01 1.185706787109375000e+03 9.828376770019531250e-01
1.185712280273437500e+03 9.966610592169409255e-01 1.185712280273437500e+03 9.784417152404785156e-01
1.185717773437500000e+03 9.977539975553761931e-01 1.185717773437500000e+03 9.741120338439941406e-01
1.185723266601562500e+03 9.983286681836260890e-01 1.185723266601562500e+03 9.734877943992614746e-01
1.185728637695312500e+03 9.985243267523064015e-01 1.185728637695312500e+03 9.817798137664794922e-01
1.185734130859375000e+03 9.985634953639629385e-01 1.185734130859375000e+03 9.844654798507690430e-01
1.185739624023437500e+03 9.987720712946068780e-01 1.185739624023437500e+03 9.792197346687316895e-01
1.185745117187500000e+03 9.991321569990441187e-01 1.185745117187500000e+03 9.964382648468017578e-01
1.185750610351562500e+03 9.993991957184276131e-01 1.185750610351562500e+03 1.005925893783569336e+00
1.185755981445312500e+03 9.995377781183232280e-01 1.185755981445312500e+03 9.889518022537231445e-01
1.185761474609375000e+03 9.996145269319584026e-01 1.185761474609375000e+03 9.891242980957031250e-01
1.185766967773437500e+03 9.996629696017739208e-01 1.185766967773437500e+03 9.729578495025634766e-01
1.185772460937500000e+03 9.996895156707928942e-01 1.185772460937500000e+03 9.555491209030151367e-01
1.185777832031250000e+03 9.996957212124624181e-01 1.185777832031250000e+03 9.388611912727355957e-01
1.185783325195312500e+03 9.996991862294818398e-01 1.185783325195312500e+03 9.677422642707824707e-01
1.185788818359375000e+03 9.997058329779672237e-01 1.185788818359375000e+03 9.834146499633789062e-01
1.185794311523437500e+03 9.996861063751731891e-01 1.185794311523437500e+03 9.941846132278442383e-01
1.185799682617187500e+03 9.996128071015178973e-01 1.185799682617187500e+03 9.829403758049011230e-01
1.185805175781250000e+03 9.994610996479390552e-01 1.185805175781250000e+03 1.000622510910034180e+00
1.185810668945312500e+03 9.992424150199690214e-01 1.185810668945312500e+03 9.963457584381103516e-01
1.185816162109375000e+03 9.990841329474521304e-01 1.185816162109375000e+03 1.001596212387084961e+00
1.185821533203125000e+03 9.991237085417645769e-01 1.185821533203125000e+03 9.989765286445617676e-01
1.185827026367187500e+03 9.993049269534198809e-01 1.185827026367187500e+03 1.010187268257141113e+00
1.185832519531250000e+03 9.995007698450456557e-01 1.185832519531250000e+03 1.011993646621704102e+00
1.185838012695312500e+03 9.996687444666889633e-01 1.185838012695312500e+03 1.015027523040771484e+00
1.185843383789062500e+03 9.997785381527181103e-01 1.185843383789062500e+03 1.014060854911804199e+00
1.185848876953125000e+03 9.998332824050308876e-01 1.185848876953125000e+03 1.004930019378662109e+00
1.185854370117187500e+03 9.998610150130472496e-01 1.185854370117187500e+03 1.000085353851318359e+00
1.185859863281250000e+03 9.998767591526668275e-01 1.185859863281250000e+03 9.940003156661987305e-01
1.185865234375000000e+03 9.998854222317369311e-01 1.185865234375000000e+03 9.834662675857543945e-01
1.185870727539062500e+03 9.998884824130516158e-01 1.185870727539062500e+03 9.632233977317810059e-01
1.185876220703125000e+03 9.998854418094037522e-01 1.185876220703125000e+03 9.556924104690551758e-01
1.185881713867187500e+03 9.998735469799435727e-01 1.185881713867187500e+03 9.690862894058227539e-01
1.185887084960937500e+03 9.998441737005806518e-01 1.185887084960937500e+03 9.627134799957275391e-01
1.185892578125000000e+03 9.997653871554461613e-01 1.185892578125000000e+03 9.620151519775390625e-01
1.185898071289062500e+03 9.995228546083626542e-01 1.185898071289062500e+03 9.561007022857666016e-01
1.185903564453125000e+03 9.989148924932121920e-01 1.185903564453125000e+03 9.430861473083496094e-01
1.185908935546875000e+03 9.981488048243946087e-01 1.185908935546875000e+03 9.502755403518676758e-01
1.185914428710937500e+03 9.981069212361691756e-01 1.185914428710937500e+03 9.607530832290649414e-01
1.185919921875000000e+03 9.988528218442727091e-01 1.185919921875000000e+03 9.686042666435241699e-01
1.185925415039062500e+03 9.994684435825816893e-01 1.185925415039062500e+03 9.607874751091003418e-01
1.185930786132812500e+03 9.996971684578243034e-01 1.185930786132812500e+03 9.436753988265991211e-01
1.185936279296875000e+03 9.997883743208084706e-01 1.185936279296875000e+03 9.271807670593261719e-01
1.185941772460937500e+03 9.998521541651881339e-01 1.185941772460937500e+03 9.115623235702514648e-01
1.185947143554687500e+03 9.998598205902555769e-01 1.185947143554687500e+03 9.150857925415039062e-01
1.185952636718750000e+03 9.998274105466186112e-01 1.185952636718750000e+03 9.318157434463500977e-01
1.185958129882812500e+03 9.998380197825854632e-01 1.185958129882812500e+03 9.592562913894653320e-01
1.185963623046875000e+03 9.998936888039083870e-01 1.185963623046875000e+03 9.738301634788513184e-01
1.185968994140625000e+03 9.999291541754270485e-01 1.185968994140625000e+03 9.813316464424133301e-01
1.185974487304687500e+03 9.999400117020117440e-01 1.185974487304687500e+03 9.986640214920043945e-01
1.185979980468750000e+03 9.999430767180469415e-01 1.185979980468750000e+03 9.884229898452758789e-01
1.185985351562500000e+03 9.999441419421901678e-01 1.185985351562500000e+03 9.814758300781250000e-01
1.185990844726562500e+03 9.999443001126826491e-01 1.185990844726562500e+03 9.867483973503112793e-01
1.185996337890625000e+03 9.999438231420452183e-01 1.185996337890625000e+03 9.867967367172241211e-01
1.186001831054687500e+03 9.999428198392608103e-01 1.186001831054687500e+03 9.883196949958801270e-01
1.186007202148437500e+03 9.999413235150186319e-01 1.186007202148437500e+03 9.930355548858642578e-01
1.186012695312500000e+03 9.999393010762227529e-01 1.186012695312500000e+03 9.966570138931274414e-01
1.186018188476562500e+03 9.999366956897886016e-01 1.186018188476562500e+03 9.846645593643188477e-01
1.186023559570312500e+03 9.999334570754708773e-01 1.186023559570312500e+03 9.666739702224731445e-01
1.186029052734375000e+03 9.999294671092695541e-01 1.186029052734375000e+03 9.543075561523437500e-01
1.186034545898437500e+03 9.999244572389883734e-01 1.186034545898437500e+03 9.517000913619995117e-01
1.186040039062500000e+03 9.999180563661674848e-01 1.186040039062500000e+03 9.499986171722412109e-01
1.186045410156250000e+03 9.999095717449757448e-01 1.186045410156250000e+03 9.571268558502197266e-01
1.186050903320312500e+03 9.998974841824131987e-01 1.186050903320312500e+03 9.759774804115295410e-01
1.186056396484375000e+03 9.998790072014079877e-01 1.186056396484375000e+03 9.987394809722900391e-01
1.186061767578125000e+03 9.998489661862048905e-01 1.186061767578125000e+03 1.000305771827697754e+00
1.186067260742187500e+03 9.998009958726814528e-01 1.186067260742187500e+03 9.975239634513854980e-01
1.186072753906250000e+03 9.997415516625310916e-01 1.186072753906250000e+03 9.935034513473510742e-01
1.186078125000000000e+03 9.997026746987999202e-01 1.186078125000000000e+03 9.932632446289062500e-01
1.186083618164062500e+03 9.997129310245234102e-01 1.186083618164062500e+03 9.935609698295593262e-01
1.186089111328125000e+03 9.997559334565242484e-01 1.186089111328125000e+03 9.983559846878051758e-01
1.186094482421875000e+03 9.997947048668655023e-01 1.186094482421875000e+03 1.010805964469909668e+00
1.186099975585937500e+03 9.998151115324568350e-01 1.186099975585937500e+03 1.012534141540527344e+00
1.186105468750000000e+03 9.998207431504022580e-01 1.186105468750000000e+03 1.010545253753662109e+00
1.186110839843750000e+03 9.998175399628865812e-01 1.186110839843750000e+03 1.009845733642578125e+00
1.186116333007812500e+03 9.998087957479642185e-01 1.186116333007812500e+03 1.004192352294921875e+00
1.186121826171875000e+03 9.997958624677367734e-01 1.186121826171875000e+03 9.958226680755615234e-01
1.186127319335937500e+03 9.997793680293314278e-01 1.186127319335937500e+03 1.002624750137329102e+00
1.186132690429687500e+03 9.997593904612027682e-01 1.186132690429687500e+03 9.928060770034790039e-01
1.186138183593750000e+03 9.997354465918480981e-01 1.186138183593750000e+03 9.906336069107055664e-01
1.186143676757812500e+03 9.997070812731295719e-01 1.186143676757812500e+03 9.853245615959167480e-01
1.186149047851562500e+03 9.996735634573075124e-01 1.186149047851562500e+03 9.855418205261230469e-01
1.186154541015625000e+03 9.996329886090579153e-01 1.186154541015625000e+03 9.889726638793945312e-01
1.186160034179687500e+03 9.995818416087606240e-01 1.186160034179687500e+03 9.925650954246520996e-01
1.186165405273437500e+03 9.995129884960859412e-01 1.186165405273437500e+03 9.965920448303222656e-01
1.186170898437500000e+03 9.994277448810928721e-01 1.186170898437500000e+03 9.961141347885131836e-01
1.186176391601562500e+03 9.993436408763505252e-01 1.186176391601562500e+03 9.921610355377197266e-01
1.186181762695312500e+03 9.992497940266600320e-01 1.186181762695312500e+03 9.833168983459472656e-01
1.186187255859375000e+03 9.991170178256610912e-01 1.186187255859375000e+03 9.800438880920410156e-01
1.186192749023437500e+03 9.989337278480202587e-01 1.186192749023437500e+03 9.800271391868591309e-01
1.186198120117187500e+03 9.986859359715206663e-01 1.186198120117187500e+03 9.803480505943298340e-01
1.186203613281250000e+03 9.983383177482259008e-01 1.186203613281250000e+03 9.620391130447387695e-01
1.186209106445312500e+03 9.978331736563395005e-01 1.186209106445312500e+03 9.641823768615722656e-01
1.186214477539062500e+03 9.970644096841430049e-01 1.186214477539062500e+03 9.644291400909423828e-01
1.186219970703125000e+03 9.958130746933686606e-01 1.186219970703125000e+03 9.720337390899658203e-01
1.186225341796875000e+03 9.936181132665393712e-01 1.186225341796875000e+03 9.798250198364257812e-01
1.186230834960937500e+03 9.895063994563552123e-01 1.186230834960937500e+03 9.814122915267944336e-01
1.186236328125000000e+03 9.822658395271581799e-01 1.186236328125000000e+03 9.804116487503051758e-01
1.186241699218750000e+03 9.727947801337792910e-01 1.186241699218750000e+03 9.803514480590820312e-01
1.186247192382812500e+03 9.669236349332076541e-01 1.186247192382812500e+03 9.674006700515747070e-01
1.186252685546875000e+03 9.703117796962591468e-01 1.186252685546875000e+03 9.679907560348510742e-01
1.186258056640625000e+03 9.795070757957481389e-01 1.186258056640625000e+03 9.870767593383789062e-01
1.186263549804687500e+03 9.877045279845878545e-01 1.186263549804687500e+03 9.924376010894775391e-01
1.186269042968750000e+03 9.926406960803662027e-01 1.186269042968750000e+03 9.932806491851806641e-01
1.186274414062500000e+03 9.952767118165788407e-01 1.186274414062500000e+03 1.001710176467895508e+00
1.186279907226562500e+03 9.967519100409546473e-01 1.186279907226562500e+03 1.003431916236877441e+00
1.186285400390625000e+03 9.976369396487386743e-01 1.186285400390625000e+03 1.007866144180297852e+00
1.186290771484375000e+03 9.982011311414861199e-01 1.186290771484375000e+03 1.003162145614624023e+00
1.186296264648437500e+03 9.985831698392407807e-01 1.186296264648437500e+03 1.000144124031066895e+00
1.186301635742187500e+03 9.988530604051857331e-01 1.186301635742187500e+03 9.877951145172119141e-01
1.186307128906250000e+03 9.990509545095735966e-01 1.186307128906250000e+03 1.009206533432006836e+00
1.186312622070312500e+03 9.991986975890791989e-01 1.186312622070312500e+03 1.001426696777343750e+00
1.186317993164062500e+03 9.993096519904776098e-01 1.186317993164062500e+03 1.020470380783081055e+00
1.186323486328125000e+03 9.993922633234544328e-01 1.186323486328125000e+03 1.024339437484741211e+00
1.186328979492187500e+03 9.994458991041298423e-01 1.186328979492187500e+03 1.014929413795471191e+00
1.186334350585937500e+03 9.994524290011318479e-01 1.186334350585937500e+03 1.003359079360961914e+00
1.186339843750000000e+03 9.993478179584269760e-01 1.186339843750000000e+03 9.986017942428588867e-01
1.186345214843750000e+03 9.990859674162894111e-01 1.186345214843750000e+03 1.002268075942993164e+00
1.186350708007812500e+03 9.989105476687224483e-01 1.186350708007812500e+03 1.004015445709228516e+00
1.186356201171875000e+03 9.991097415972639562e-01 1.186356201171875000e+03 1.006446838378906250e+00
1.186361572265625000e+03 9.994395844906669435e-01 1.186361572265625000e+03 1.012452721595764160e+00
1.186367065429687500e+03 9.996330560500845674e-01 1.186367065429687500e+03 1.001795411109924316e+00
1.186372558593750000e+03 9.997144564584151682e-01 1.186372558593750000e+03 9.895567893981933594e-01
1.186377929687500000e+03 9.997535205899387156e-01 1.186377929687500000e+03 9.800367355346679688e-01
1.186383422851562500e+03 9.997774995677560783e-01 1.186383422851562500e+03 9.714258909225463867e-01
1.186388793945312500e+03 9.997942792020079184e-01 1.186388793945312500e+03 9.593195915222167969e-01
1.186394287109375000e+03 9.998066721271278157e-01 1.186394287109375000e+03 9.632549285888671875e-01
1.186399780273437500e+03 9.998158442320900230e-01 1.186399780273437500e+03 9.724007844924926758e-01
1.186405151367187500e+03 9.998223950244246039e-01 1.186405151367187500e+03 9.762542247772216797e-01
1.186410644531250000e+03 9.998265468805324074e-01 1.186410644531250000e+03 9.926222562789916992e-01
1.186416015625000000e+03 9.998280235726302312e-01 1.186416015625000000e+03 9.827120304107666016e-01
1.186421508789062500e+03 9.998259730267403667e-01 1.186421508789062500e+03 9.852092266082763672e-01
1.186427001953125000e+03 9.998185895697020431e-01 1.186427001953125000e+03 9.944214224815368652e-01
1.186432373046875000e+03 9.998019733017160515e-01 1.186432373046875000e+03 9.915587902069091797e-01
1.186437866210937500e+03 9.997672917931296199e-01 1.186437866210937500e+03 9.941381216049194336e-01
1.186443237304687500e+03 9.997003349770352543e-01 1.186443237304687500e+03 9.870228767395019531e-01
1.186448730468750000e+03 9.996012019552176220e-01 1.186448730468750000e+03 9.714027643203735352e-01
1.186454223632812500e+03 9.995305088952518568e-01 1.186454223632812500e+03 9.222575426101684570e-01
1.186459594726562500e+03 9.995603222248172770e-01 1.186459594726562500e+03 8.625954389572143555e-01
1.186465087890625000e+03 9.996537879927764880e-01 1.186465087890625000e+03 8.421047925949096680e-01
1.186470458984375000e+03 9.997321880779842518e-01 1.186470458984375000e+03 8.645685911178588867e-01
1.186475952148437500e+03 9.997746245513465801e-01 1.186475952148437500e+03 9.092487096786499023e-01
1.186481445312500000e+03 9.997929982716715624e-01 1.186481445312500000e+03 9.378105401992797852e-01
1.186486816406250000e+03 9.997987746787541097e-01 1.186486816406250000e+03 9.339230060577392578e-01
1.186492309570312500e+03 9.997976240800470205e-01 1.186492309570312500e+03 9.080401659011840820e-01
1.186497680664062500e+03 9.997919215353863187e-01 1.186497680664062500e+03 8.679594993591308594e-01
1.186503173828125000e+03 9.997827124329999871e-01 1.186503173828125000e+03 8.234134912490844727e-01
1.186508544921875000e+03 9.997703620847699924e-01 1.186508544921875000e+03 8.252593278884887695e-01
1.186514038085937500e+03 9.997546836557330563e-01 1.186514038085937500e+03 8.500195741653442383e-01
1.186519531250000000e+03 9.997352712229763405e-01 1.186519531250000000e+03 8.914067149162292480e-01
1.186524902343750000e+03 9.997104668557804663e-01 1.186524902343750000e+03 9.181878566741943359e-01
1.186530395507812500e+03 9.996726897223814357e-01 1.186530395507812500e+03 9.283001422882080078e-01
1.186535766601562500e+03 9.996110320165306762e-01 1.186535766601562500e+03 9.566088318824768066e-01
1.186541259765625000e+03 9.995479118844193822e-01 1.186541259765625000e+03 9.671136140823364258e-01
1.186546630859375000e+03 9.995200639948299548e-01 1.186546630859375000e+03 9.831596612930297852e-01
1.186552124023437500e+03 9.994958589102846958e-01 1.186552124023437500e+03 9.853082895278930664e-01
1.186557617187500000e+03 9.994404251907685888e-01 1.186557617187500000e+03 9.787617325782775879e-01
1.186562988281250000e+03 9.993576634731515806e-01 1.186562988281250000e+03 9.813176393508911133e-01
1.186568481445312500e+03 9.992501656316874481e-01 1.186568481445312500e+03 9.857305288314819336e-01
1.186573852539062500e+03 9.991115895498333677e-01 1.186573852539062500e+03 9.728119373321533203e-01
1.186579345703125000e+03 9.989292182649788243e-01 1.186579345703125000e+03 9.802261590957641602e-01
1.186584716796875000e+03 9.986823792515651110e-01 1.186584716796875000e+03 9.827920198440551758e-01
1.186590209960937500e+03 9.983345416099200786e-01 1.186590209960937500e+03 9.946954846382141113e-01
1.186595703125000000e+03 9.978251787619585311e-01 1.186595703125000000e+03 9.932332038879394531e-01
1.186601074218750000e+03 9.970446720651251482e-01 1.186601074218750000e+03 9.897601008415222168e-01
1.186606567382812500e+03 9.957908712135215001e-01 1.186606567382812500e+03 1.003949403762817383e+00
1.186611938476562500e+03 9.936517934519457640e-01 1.186611938476562500e+03 9.823503494262695312e-01
1.186617431640625000e+03 9.898040429932896123e-01 1.186617431640625000e+03 9.801604747772216797e-01
1.186622802734375000e+03 9.833861409253814578e-01 1.186622802734375000e+03 9.791046380996704102e-01
1.186628295898437500e+03 9.755656975092871219e-01 1.186628295898437500e+03 9.633682966232299805e-01
1.186633666992187500e+03 9.713739846592849281e-01 1.186633666992187500e+03 9.579206705093383789e-01
1.186639160156250000e+03 9.747688364277961037e-01 1.186639160156250000e+03 9.230333566665649414e-01
1.186644653320312500e+03 9.825050154040924077e-01 1.186644653320312500e+03 9.250568747520446777e-01
1.186650024414062500e+03 9.892061439578010429e-01 1.186650024414062500e+03 9.169948101043701172e-01
1.186655517578125000e+03 9.933345106690073534e-01 1.186655517578125000e+03 9.328813552856445312e-01
1.186660888671875000e+03 9.956341123736121013e-01 1.186660888671875000e+03 9.518203139305114746e-01
1.186666381835937500e+03 9.969523438755153455e-01 1.186666381835937500e+03 9.715896248817443848e-01
1.186671752929687500e+03 9.977598674120894406e-01 1.186671752929687500e+03 9.815424680709838867e-01
1.186677246093750000e+03 9.982853915064341388e-01 1.186677246093750000e+03 9.812577962875366211e-01
1.186682617187500000e+03 9.986445912826645843e-01 1.186682617187500000e+03 9.757729768753051758e-01
1.186688110351562500e+03 9.989003644897299639e-01 1.186688110351562500e+03 9.838660955429077148e-01
1.186693481445312500e+03 9.990883721965990727e-01 1.186693481445312500e+03 9.780621528625488281e-01
1.186698974609375000e+03 9.992282168380238749e-01 1.186698974609375000e+03 9.631743431091308594e-01
1.186704345703125000e+03 9.993281702720470117e-01 1.186704345703125000e+03 9.642155170440673828e-01
1.186709838867187500e+03 9.993997827582425941e-01 1.186709838867187500e+03 9.714120626449584961e-01
1.186715209960937500e+03 9.994666889305908741e-01 1.186715209960937500e+03 9.899995326995849609e-01
1.186720703125000000e+03 9.995217782899658010e-01 1.186720703125000000e+03 9.959412217140197754e-01
1.186726196289062500e+03 9.995277329606618855e-01 1.186726196289062500e+03 9.969083070755004883e-01
1.186731567382812500e+03 9.995006744708249125e-01 1.186731567382812500e+03 1.006430029869079590e+00
1.186737060546875000e+03 9.995310245341116895e-01 1.186737060546875000e+03 9.871203899383544922e-01
1.186742431640625000e+03 9.996171542455316583e-01 1.186742431640625000e+03 9.842802286148071289e-01
1.186747924804687500e+03 9.996768422239052931e-01 1.186747924804687500e+03 9.801854491233825684e-01
1.186753295898437500e+03 9.996982804692707836e-01 1.186753295898437500e+03 9.871611595153808594e-01
1.186758789062500000e+03 9.996988961793540351e-01 1.186758789062500000e+03 9.924229383468627930e-01
1.186764160156250000e+03 9.996802470568364463e-01 1.186764160156250000e+03 1.004622220993041992e+00
1.186769653320312500e+03 9.996273235214506725e-01 1.186769653320312500e+03 1.007239818572998047e+00
1.186775024414062500e+03 9.995024209436688123e-01 1.186775024414062500e+03 1.002543568611145020e+00
1.186780517578125000e+03 9.992654189483183291e-01 1.186780517578125000e+03 1.007556319236755371e+00
1.186785888671875000e+03 9.989964194756191240e-01 1.186785888671875000e+03 1.019946336746215820e+00
1.186791381835937500e+03 9.989342812453244624e-01 1.186791381835937500e+03 1.029171466827392578e+00
1.186796752929687500e+03 9.991402357702229287e-01 1.186796752929687500e+03 1.011691093444824219e+00
1.186802246093750000e+03 9.993864432863087677e-01 1.186802246093750000e+03 1.019308328628540039e+00
1.186807617187500000e+03 9.995182281680720093e-01 1.186807617187500000e+03 1.012883543968200684e+00
1.186813110351562500e+03 9.995459712939832597e-01 1.186813110351562500e+03 9.888999462127685547e-01
1.186818481445312500e+03 9.995025992867163644e-01 1.186818481445312500e+03 9.870894551277160645e-01
1.186823974609375000e+03 9.993851980657221246e-01 1.186823974609375000e+03 9.779666066169738770e-01
1.186829345703125000e+03 9.991425159571870607e-01 1.186829345703125000e+03 9.823573231697082520e-01
1.186834838867187500e+03 9.986278998524172890e-01 1.186834838867187500e+03 9.889858961105346680e-01
1.186840209960937500e+03 9.975378675015352803e-01 1.186840209960937500e+03 1.000180006027221680e+00
1.186845703125000000e+03 9.957163391117004325e-01 1.186845703125000000e+03 9.786972999572753906e-01
1.186851074218750000e+03 9.941091803381054692e-01 1.186851074218750000e+03 9.809041023254394531e-01
1.186856567382812500e+03 9.942843390921187741e-01 1.186856567382812500e+03 9.833781719207763672e-01
1.186861938476562500e+03 9.958851975822800018e-01 1.186861938476562500e+03 9.871253967285156250e-01
1.186867431640625000e+03 9.972287548055684958e-01 1.186867431640625000e+03 9.664427042007446289e-01
1.186872802734375000e+03 9.979585273058243500e-01 1.186872802734375000e+03 9.655739665031433105e-01
1.186878295898437500e+03 9.985912084077263051e-01 1.186878295898437500e+03 9.505174756050109863e-01
1.186883666992187500e+03 9.991105891231332192e-01 1.186883666992187500e+03 9.375380873680114746e-01
1.186889160156250000e+03 9.993736587981334463e-01 1.186889160156250000e+03 9.132035970687866211e-01
1.186894531250000000e+03 9.994599650305192595e-01 1.186894531250000000e+03 8.810375928878784180e-01
1.186900024414062500e+03 9.994439465736071337e-01 1.186900024414062500e+03 8.575394153594970703e-01
1.186905395507812500e+03 9.993198501309934478e-01 1.186905395507812500e+03 8.798599243164062500e-01
1.186910888671875000e+03 9.989990308670928520e-01 1.186910888671875000e+03 9.223496913909912109e-01
1.186916259765625000e+03 9.983161204913740816e-01 1.186916259765625000e+03 9.610399007797241211e-01
1.186921752929687500e+03 9.972833955469979639e-01 1.186921752929687500e+03 9.744632840156555176e-01
1.186927124023437500e+03 9.965483891259730997e-01 1.186927124023437500e+03 9.757980704307556152e-01
1.186932495117187500e+03 9.968606185707347134e-01 1.186932495117187500e+03 9.878236055374145508e-01
1.186937988281250000e+03 9.978994113867081239e-01 1.186937988281250000e+03 9.910140037536621094e-01
1.186943359375000000e+03 9.987905221715975834e-01 1.186943359375000000e+03 1.010927677154541016e+00
1.186948852539062500e+03 9.992755594183579948e-01 1.186948852539062500e+03 1.000162363052368164e+00
1.186954223632812500e+03 9.995212418495028617e-01 1.186954223632812500e+03 1.001461744308471680e+00
1.186959716796875000e+03 9.996518062750305855e-01 1.186959716796875000e+03 9.774141907691955566e-01
1.186965087890625000e+03 9.997202795363849814e-01 1.186965087890625000e+03 9.740751981735229492e-01
1.186970581054687500e+03 9.997535747155283925e-01 1.186970581054687500e+03 9.611608982086181641e-01
1.186975952148437500e+03 9.997639115575499558e-01 1.186975952148437500e+03 9.699016809463500977e-01
1.186981445312500000e+03 9.997717862369530639e-01 1.186981445312500000e+03 9.812213182449340820e-01
1.186986816406250000e+03 9.997874740875032362e-01 1.186986816406250000e+03 9.931617975234985352e-01
1.186992309570312500e+03 9.997946042319176829e-01 1.186992309570312500e+03 1.000074625015258789e+00
1.186997680664062500e+03 9.997860552343866836e-01 1.186997680664062500e+03 9.985067844390869141e-01
1.187003051757812500e+03 9.997627946501392859e-01 1.187003051757812500e+03 9.935061931610107422e-01
1.187008544921875000e+03 9.997182891326890086e-01 1.187008544921875000e+03 9.921317100524902344e-01
1.187013916015625000e+03 9.996322715817693716e-01 1.187013916015625000e+03 9.928729534149169922e-01
1.187019409179687500e+03 9.994576413043628760e-01 1.187019409179687500e+03 9.752463102340698242e-01
1.187024780273437500e+03 9.991320723830987571e-01 1.187024780273437500e+03 9.926168918609619141e-01
1.187030273437500000e+03 9.987143404367669897e-01 1.187030273437500000e+03 9.826020002365112305e-01
1.187035644531250000e+03 9.985059158036601046e-01 1.187035644531250000e+03 9.897558689117431641e-01
1.187041137695312500e+03 9.986847130705857056e-01 1.187041137695312500e+03 9.683559536933898926e-01
1.187046508789062500e+03 9.989622853029165306e-01 1.187046508789062500e+03 9.598710536956787109e-01
1.187051879882812500e+03 9.990034952737845142e-01 1.187051879882812500e+03 9.722983837127685547e-01
1.187057373046875000e+03 9.988282720596001196e-01 1.187057373046875000e+03 9.817055463790893555e-01
1.187062744140625000e+03 9.987436214866762807e-01 1.187062744140625000e+03 9.909111857414245605e-01
1.187068237304687500e+03 9.989219080528191075e-01 1.187068237304687500e+03 9.985730051994323730e-01
1.187073608398437500e+03 9.992257957448686945e-01 1.187073608398437500e+03 9.878245592117309570e-01
1.187079101562500000e+03 9.994648984955158966e-01 1.187079101562500000e+03 9.890885353088378906e-01
1.187084472656250000e+03 9.995801710472438373e-01 1.187084472656250000e+03 9.926955699920654297e-01
1.187089965820312500e+03 9.995962061725527370e-01 1.187089965820312500e+03 9.969882965087890625e-01
1.187095336914062500e+03 9.995373754291716484e-01 1.187095336914062500e+03 1.003541111946105957e+00
1.187100708007812500e+03 9.994344258129235214e-01 1.187100708007812500e+03 1.002482056617736816e+00
1.187106201171875000e+03 9.992313689143539346e-01 1.187106201171875000e+03 9.977608323097229004e-01
1.187111572265625000e+03 9.987034949510368298e-01 1.187111572265625000e+03 9.949820637702941895e-01
1.187117065429687500e+03 9.980178234670484816e-01 1.187117065429687500e+03 9.933347702026367188e-01
1.187122436523437500e+03 9.980287253114634716e-01 1.187122436523437500e+03 9.849406480789184570e-01
1.187127929687500000e+03 9.987207523566223877e-01 1.187127929687500000e+03 9.737604856491088867e-01
1.187133300781250000e+03 9.992665320912847982e-01 1.187133300781250000e+03 9.852391481399536133e-01
1.187138671875000000e+03 9.994818782906712551e-01 1.187138671875000000e+03 9.825757741928100586e-01
1.187144165039062500e+03 9.995453620623402369e-01 1.187144165039062500e+03 9.931082725524902344e-01
1.187149536132812500e+03 9.995565760487801210e-01 1.187149536132812500e+03 9.942646026611328125e-01
1.187155029296875000e+03 9.995448379174614040e-01 1.187155029296875000e+03 1.004937648773193359e+00
1.187160400390625000e+03 9.995141841925019310e-01 1.187160400390625000e+03 9.929565191268920898e-01
1.187165771484375000e+03 9.994619099767673154e-01 1.187165771484375000e+03 9.983164072036743164e-01
1.187171264648437500e+03 9.994013079936536759e-01 1.187171264648437500e+03 9.984831809997558594e-01
1.187176635742187500e+03 9.993355650931432521e-01 1.187176635742187500e+03 9.969156980514526367e-01
1.187182128906250000e+03 9.992188198570274293e-01 1.187182128906250000e+03 9.970142841339111328e-01
1.187187500000000000e+03 9.990081304774627302e-01 1.187187500000000000e+03 9.983369112014770508e-01
1.187192871093750000e+03 9.986891736293900257e-01 1.187192871093750000e+03 1.004671931266784668e+00
1.187198364257812500e+03 9.983262714311748054e-01 1.187198364257812500e+03 1.001654386520385742e+00
1.187203735351562500e+03 9.981814832819286831e-01 1.187203735351562500e+03 1.008572697639465332e+00
1.187209228515625000e+03 9.983787132673882514e-01 1.187209228515625000e+03 1.010344266891479492e+00
1.187214599609375000e+03 9.985909833875887820e-01 1.187214599609375000e+03 1.006952643394470215e+00
1.187219970703125000e+03 9.986030800060475832e-01 1.187219970703125000e+03 1.008469700813293457e+00
1.187225463867187500e+03 9.984292251084475600e-01 1.187225463867187500e+03 1.009768962860107422e+00
1.187230834960937500e+03 9.980302511453825742e-01 1.187230834960937500e+03 1.010484576225280762e+00
1.187236328125000000e+03 9.973635420265547502e-01 1.187236328125000000e+03 1.003237009048461914e+00
1.187241699218750000e+03 9.965922824882263997e-01 1.187241699218750000e+03 1.007309317588806152e+00
1.187247070312500000e+03 9.958462334314331921e-01 1.187247070312500000e+03 9.818905591964721680e-01
1.187252563476562500e+03 9.945131085399584459e-01 1.187252563476562500e+03 9.847145080566406250e-01
1.187257934570312500e+03 9.915652212227782369e-01 1.187257934570312500e+03 9.938689470291137695e-01
1.187263427734375000e+03 9.870814860440737526e-01 1.187263427734375000e+03 9.996068477630615234e-01
1.187268798828125000e+03 9.835279265380880709e-01 1.187268798828125000e+03 1.001114368438720703e+00
1.187274169921875000e+03 9.837308632168122458e-01 1.187274169921875000e+03 9.912272095680236816e-01
1.187279663085937500e+03 9.872911731858120543e-01 1.187279663085937500e+03 9.833765029907226562e-01
1.187285034179687500e+03 9.911794371209412535e-01 1.187285034179687500e+03 9.987935423851013184e-01
1.187290527343750000e+03 9.936210523017847684e-01 1.187290527343750000e+03 1.000525593757629395e+00
1.187295898437500000e+03 9.947012392162037919e-01 1.187295898437500000e+03 1.018963575363159180e+00
1.187301269531250000e+03 9.949500069154070259e-01 1.187301269531250000e+03 1.011907339096069336e+00
1.187306762695312500e+03 9.946926085313291255e-01 1.187306762695312500e+03 1.006998300552368164e+00
1.187312133789062500e+03 9.940410845156452124e-01 1.187312133789062500e+03 1.008839130401611328e+00
1.187317504882812500e+03 9.932451083597745312e-01 1.187317504882812500e+03 1.002061367034912109e+00
1.187322998046875000e+03 9.924485877992524907e-01 1.187322998046875000e+03 1.021488547325134277e+00
1.187328369140625000e+03 9.914168786678048129e-01 1.187328369140625000e+03 1.010754346847534180e+00
1.187333862304687500e+03 9.897390978762742320e-01 1.187333862304687500e+03 9.954832792282104492e-01
1.187339233398437500e+03 9.869394936700151000e-01 1.187339233398437500e+03 1.013998031616210938e+00
1.187344604492187500e+03 9.823477652093601797e-01 1.187344604492187500e+03 1.000643610954284668e+00
1.187350097656250000e+03 9.745856494767995981e-01 1.187350097656250000e+03 9.995023012161254883e-01
1.187355468750000000e+03 9.609778242954714056e-01 1.187355468750000000e+03 9.847679734230041504e-01
1.187360839843750000e+03 9.371428675873166858e-01 1.187360839843750000e+03 9.539613723754882812e-01
1.187366333007812500e+03 9.016080229267774415e-01 1.187366333007812500e+03 9.139212965965270996e-01
1.187371704101562500e+03 8.680690056916401387e-01 1.187371704101562500e+03 9.082261323928833008e-01
1.187377075195312500e+03 8.608824261157538293e-01 1.187377075195312500e+03 9.242160320281982422e-01
1.187382568359375000e+03 8.833271253627176245e-01 1.187382568359375000e+03 9.584378004074096680e-01
1.187387939453125000e+03 9.119950829156117100e-01 1.187387939453125000e+03 9.727504253387451172e-01
1.187393310546875000e+03 9.319041326992147933e-01 1.187393310546875000e+03 9.830377697944641113e-01
1.187398803710937500e+03 9.467115171600984924e-01 1.187398803710937500e+03 9.792561531066894531e-01
1.187404174804687500e+03 9.615991926898539433e-01 1.187404174804687500e+03 9.934175610542297363e-01
1.187409667968750000e+03 9.746906573873012070e-01 1.187409667968750000e+03 9.836770296096801758e-01
1.187415039062500000e+03 9.833076575428356669e-01 1.187415039062500000e+03 9.978965520858764648e-01
1.187420410156250000e+03 9.882671694495811510e-01 1.187420410156250000e+03 9.876124858856201172e-01
1.187425903320312500e+03 9.912142140686255321e-01 1.187425903320312500e+03 1.008943200111389160e+00
1.187431274414062500e+03 9.930756968187176570e-01 1.187431274414062500e+03 1.020690917968750000e+00
1.187436645507812500e+03 9.942992311802990590e-01 1.187436645507812500e+03 1.005378723144531250e+00
1.187442138671875000e+03 9.950053739025896959e-01 1.187442138671875000e+03 1.012823224067687988e+00
1.187447509765625000e+03 9.951133106922062099e-01 1.187447509765625000e+03 1.009650588035583496e+00
1.187452880859375000e+03 9.949374851122443353e-01 1.187452880859375000e+03 1.002966880798339844e+00
1.187458374023437500e+03 9.953533743872818862e-01 1.187458374023437500e+03 9.992055892944335938e-01
1.187463745117187500e+03 9.962512796342143373e-01 1.187463745117187500e+03 9.898201227188110352e-01
1.187469116210937500e+03 9.966806002879577964e-01 1.187469116210937500e+03 9.762669801712036133e-01
1.187474609375000000e+03 9.963069311918781867e-01 1.187474609375000000e+03 9.780663251876831055e-01
1.187479980468750000e+03 9.957378031826354947e-01 1.187479980468750000e+03 9.980408549308776855e-01
1.187485351562500000e+03 9.958045341173609177e-01 1.187485351562500000e+03 9.994021058082580566e-01
1.187490844726562500e+03 9.964733077317678989e-01 1.187490844726562500e+03 1.019801855087280273e+00
1.187496215820312500e+03 9.972754067289884006e-01 1.187496215820312500e+03 1.018860340118408203e+00
1.187501586914062500e+03 9.979028826360033522e-01 1.187501586914062500e+03 1.019325017929077148e+00
1.187507080078125000e+03 9.983659450590145479e-01 1.187507080078125000e+03 1.006056070327758789e+00
1.187512451171875000e+03 9.986930305116463735e-01 1.187512451171875000e+03 9.985383152961730957e-01
1.187517822265625000e+03 9.988852133348383733e-01 1.187517822265625000e+03 9.889422059059143066e-01
1.187523315429687500e+03 9.989923731542706964e-01 1.187523315429687500e+03 9.742656946182250977e-01
1.187528686523437500e+03 9.990543489252311504e-01 1.187528686523437500e+03 9.560831785202026367e-01
1.187534057617187500e+03 9.991081148249046917e-01 1.187534057617187500e+03 9.477219581604003906e-01
1.187539550781250000e+03 9.991669077966470747e-01 1.187539550781250000e+03 9.667868614196777344e-01
1.187544921875000000e+03 9.992097692364422246e-01 1.187544921875000000e+03 9.613372087478637695e-01
1.187550292968750000e+03 9.992313259225958921e-01 1.187550292968750000e+03 9.567072987556457520e-01
1.187555664062500000e+03 9.992348767795321551e-01 1.187555664062500000e+03 9.126238822937011719e-01
1.187561157226562500e+03 9.992104029701396328e-01 1.187561157226562500e+03 8.974265456199645996e-01
1.187566528320312500e+03 9.991306052443656993e-01 1.187566528320312500e+03 9.150872230529785156e-01
1.187571899414062500e+03 9.989766954158979528e-01 1.187571899414062500e+03 9.463058710098266602e-01
1.187577392578125000e+03 9.986852613545984525e-01 1.187577392578125000e+03 9.779655933380126953e-01
1.187582763671875000e+03 9.979910522592316813e-01 1.187582763671875000e+03 9.896632432937622070e-01
1.187588134765625000e+03 9.969036190689756216e-01 1.187588134765625000e+03 9.801735877990722656e-01
1.187593627929687500e+03 9.964215347549342239e-01 1.187593627929687500e+03 9.885224103927612305e-01
1.187598999023437500e+03 9.970973582335413976e-01 1.187598999023437500e+03 9.819865822792053223e-01
1.187604370117187500e+03 9.978995333629293585e-01 1.187604370117187500e+03 9.680608510971069336e-01
1.187609863281250000e+03 9.980799297421105720e-01 1.187609863281250000e+03 9.811263084411621094e-01
1.187615234375000000e+03 9.976686975661526180e-01 1.187615234375000000e+03 9.871621131896972656e-01
1.187620605468750000e+03 9.966347410773344073e-01 1.187620605468750000e+03 9.770586490631103516e-01
1.187625976562500000e+03 9.947593697384042866e-01 1.187625976562500000e+03 9.562321305274963379e-01
1.187631469726562500e+03 9.923859585080531120e-01 1.187631469726562500e+03 9.153020977973937988e-01
1.187636840820312500e+03 9.911106990697280406e-01 1.187636840820312500e+03 8.980625271797180176e-01
1.187642211914062500e+03 9.921383915315210578e-01 1.187642211914062500e+03 8.647140264511108398e-01
1.187647705078125000e+03 9.944355198595178358e-01 1.187647705078125000e+03 8.215656280517578125e-01
1.187653076171875000e+03 9.963573008509057916e-01 1.187653076171875000e+03 7.648417949676513672e-01
1.187658447265625000e+03 9.974701875418561237e-01 1.187658447265625000e+03 6.638416051864624023e-01
1.187663818359375000e+03 9.979578641374612369e-01 1.187663818359375000e+03 5.446759462356567383e-01
1.187669311523437500e+03 9.979291451868171903e-01 1.187669311523437500e+03 4.498492479324340820e-01
1.187674682617187500e+03 9.973617101096906579e-01 1.187674682617187500e+03 4.397517442703247070e-01
1.187680053710937500e+03 9.965176998888821691e-01 1.187680053710937500e+03 5.007120370864868164e-01
1.187685546875000000e+03 9.962715222811944216e-01 1.187685546875000000e+03 5.856988430023193359e-01
1.187690917968750000e+03 9.969991743551944730e-01 1.187690917968750000e+03 6.500783562660217285e-01
1.187696289062500000e+03 9.979587476915611211e-01 1.187696289062500000e+03 7.124893665313720703e-01
1.187701660156250000e+03 9.985720084937836916e-01 1.187701660156250000e+03 7.614345550537109375e-01
1.187707153320312500e+03 9.988379488036317477e-01 1.187707153320312500e+03 8.333111405372619629e-01
1.187712524414062500e+03 9.989559786443092948e-01 1.187712524414062500e+03 8.838198184967041016e-01
1.187717895507812500e+03 9.990354277355909529e-01 1.187717895507812500e+03 9.284613132476806641e-01
